test_SED.txt
# %ECSV 0.9
# ---
# datatype:
# - {name: nu, unit: Hz, datatype: float64}
# - {name: Sum, unit: erg / s, datatype: float64}
# - {name: Sync, unit: erg / s, datatype: float64}
# - {name: SSC, unit: erg / s, datatype: float64}
# meta: {redshift: 0.1, restframe: src, src_name: jet_leptonic}
# schema: astropy-2.0
nu Sum Sync SSC
1100000.0 -10000000000.0 -10000000000.0 -10000000000.0
1228821.7155553068 -10000000000.0 -10000000000.0 -10000000000.0
1372729.8260184426 -10000000000.0 -10000000000.0 -10000000000.0
1533491.1089108365 -10000000000.0 -10000000000.0 -10000000000.0
1713079.2502187488 -10000000000.0 -10000000000.0 -10000000000.0
1913699.0755781827 -10000000000.0 -10000000000.0 -10000000000.0
2137813.6191896247 -10000000000.0 -10000000000.0 -10000000000.0
2388174.362790994 -10000000000.0 -10000000000.0 -10000000000.0
2667855.015936391 -10000000000.0 -10000000000.0 -10000000000.0
2980289.252305254 -10000000000.0 -10000000000.0 -10000000000.0
3329312.865335258 -10000000000.0 -10000000000.0 -10000000000.0
3719210.8607287505 -10000000000.0 -10000000000.0 -10000000000.0
4154770.0639933012 -10000000000.0 -10000000000.0 -10000000000.0
4641337.888885527 -10000000000.0 -10000000000.0 -10000000000.0
5184887.988265598 -10000000000.0 -10000000000.0 -10000000000.0
5792093.593366032 -10000000000.0 -10000000000.0 -10000000000.0
6470409.441869952 -10000000000.0 -10000000000.0 -10000000000.0
7228163.3006398985 -10000000000.0 -10000000000.0 -10000000000.0
8074658.206732933 -10000000000.0 -10000000000.0 -10000000000.0
9020286.681927545 -10000000000.0 -10000000000.0 -10000000000.0
10076658.322988082 1.4578993858718734 1.4578993858718734 -10000000000.0
11256742.334108066 1.460077375088286 1.460077375088286 -10000000000.0
12575026.751420654 1.4622444961579457 1.4622444961579457 -10000000000.0
14047696.314395094 1.464400857006438 1.464400857006438 -10000000000.0
15692831.167868122 1.4665465791141488 1.4665465791141488 -10000000000.0
17530628.834199537 1.468681781005985 1.468681781005985 -10000000000.0
19583652.180731233 1.470806536550146 1.470806536550146 -10000000000.0
21877106.426876932 1.4729209478346819 1.4729209478346819 -10000000000.0
24439148.59169171 1.4750251492377662 1.4750251492377662 -10000000000.0
27301233.18104884 1.4771192271081701 1.4771192271081701 -10000000000.0
30498498.35846529 1.4792032562033621 1.4792032562033621 -10000000000.0
34070197.34064548 1.4812773355162612 1.4812773355162612 -10000000000.0
38060180.314036205 1.4833416167019324 1.4833416167019324 -10000000000.0
42517432.78894388 1.485396143760845 1.485396143760845 -10000000000.0
47496677.00065224 1.487440997165991 1.487440997165991 -10000000000.0
53059043.74101614 1.4894762830536084 1.4894762830536084 -10000000000.0
59272822.86869047 1.4915021564106887 1.4915021564106887 -10000000000.0
66214301.71210002 1.4935186234446796 1.4935186234446796 -10000000000.0
73968701.65832675 1.4955257711009498 1.4955257711009498 -10000000000.0
82631224.42653066 1.497523739599488 1.497523739599488 -10000000000.0
92308220.8711318 1.4995126298358035 1.4995126298358035 -10000000000.0
103118496.66429302 1.5014924532786647 1.5014924532786647 -10000000000.0
115194770.88772792 1.5034632955455165 1.5034632955455165 -10000000000.0
128685305.44114363 1.5054253437310734 1.5054253437310734 -10000000000.0
143755725.27176824 1.507378619329996 1.507378619329996 -10000000000.0
160591051.7721375 1.5093231492290868 1.5093231492290868 -10000000000.0
179397974.31042677 1.5112590266603376 1.5112590266603376 -10000000000.0
200407387.7811682 1.5131864924049294 1.5131864924049294 -10000000000.0
223877227.33019382 1.515105461543347 1.515105461543347 -10000000000.0
250095635.0560487 1.5170159888318306 1.5170159888318306 -10000000000.0
279384497.56588024 1.5189182187158412 1.5189182187158412 -10000000000.0
312103397.8167833 1.5208123638542315 1.5208123638542315 -10000000000.0
348654029.75987196 1.5226982836716922 1.5226982836716922 -10000000000.0
389485129.9861797 1.5245760492963356 1.5245760492963356 -10000000000.0
435097986.9208181 1.5264459250424773 1.5264459250424773 -10000000000.0
486052595.2024536 1.5283079611421664 1.5283079611421664 -10000000000.0
542974530.8061697 1.530162047839383 1.530162047839383 -10000000000.0
606562631.3164333 1.532008272951566 1.532008272951566 -10000000000.0
677597575.64182 1.5338470319444144 1.5338470319444144 -10000000000.0
756951468.5057237 1.5356781586738701 1.5356781586738701 -10000000000.0
845598547.3830093 1.537501597182413 1.537501597182413 -10000000000.0
944627143.3329698 1.5393174827220977 1.5393174827220977 -10000000000.0
1055253042.5732055 1.5411263599312477 1.5411263599312477 -10000000000.0
1178834412.836151 1.542927760832189 1.542927760832189 -10000000000.0
1316888477.7608624 1.544721720594729 1.544721720594729 -10000000000.0
1471110144.0337477 1.5465085956945175 1.5465085956945175 -10000000000.0
1643392809.9657822 1.548288719141519 1.548288719141519 -10000000000.0
1835851610.9758294 1.5500615758413907 1.5500615758413907 -10000000000.0
2050849387.367534 1.5518272248810474 1.5518272248810474 -10000000000.0
2291025693.2095613 1.5535864254046 1.5535864254046 -10000000000.0
2559329202.464604 1.555338969593446 1.555338969593446 -10000000000.0
2859053910.2212324 1.5570844700115876 1.5570844700115876 -10000000000.0
3193879573.4755955 1.5588230836963077 1.5588230836963077 -10000000000.0
3567916887.9593854 1.5605558436417544 1.5605558436417544 -10000000000.0
3985757955.655465 1.5622819823286722 1.5622819823286722 -10000000000.0
4452532662.597064 1.5640012874886486 1.5640012874886486 -10000000000.0
4973971659.107773 1.5657140501303008 1.5657140501303008 -10000000000.0
5556476715.698432 1.5674213427308008 1.5674213427308008 -10000000000.0
6207199318.388798 1.569121949918721 1.569121949918721 -10000000000.0
6934128468.378396 1.5708159238473527 1.5708159238473527 -10000000000.0
7746188763.994226 1.5725032636104905 1.5725032636104905 -10000000000.0
8653349969.078732 1.5741840039365271 1.5741840039365271 -10000000000.0
9666749413.003464 1.575858264785295 1.575858264785295 -10000000000.0
10798828725.027403 1.577525969093192 1.577525969093192 -10000000000.0
12063486581.705566 1.579180180662403 1.579180180662403 -10000000000.0
13476249342.645296 1.5808248931636524 1.5808248931636524 -10000000000.0
15054461669.527664 1.5824634004820344 1.5824634004820344 -10000000000.0
16817499468.646027 1.5840891312938046 1.5840891312938046 -10000000000.0
18787007771.283733 1.585660652910289 1.585660652910289 -10000000000.0
20987166472.417915 1.5872184265898062 1.5872184265898062 -10000000000.0
23444987190.255768 1.5887706326454583 1.5887706326454583 -10000000000.0
26190644891.183945 1.5902657606810524 1.5902657606810524 -10000000000.0
29257848351.531403 1.5916003398162466 1.5916003398162466 -10000000000.0
32684254004.350677 1.5929308303746663 1.5929308303746663 -10000000000.0
36511928252.06502 1.594257257331103 1.594257257331103 -10000000000.0
40787863920.8499 1.5954159479862133 1.5954159479862133 -10000000000.0
45564557197.322975 1.5964214484961223 1.5964214484961223 -10000000000.0
50900652130.665634 1.5974246263968745 1.5974246263968745 -10000000000.0
56861660612.80753 1.5984150683217202 1.5984150683217202 -10000000000.0
63520766675.95809 1.5992066522646753 1.5992066522646753 -10000000000.0
70959724981.94484 1.5999299803078555 1.5999299803078555 -10000000000.0
79269864534.22366 1.6006521056334306 1.6006521056334306 -10000000000.0
88553209935.2557 1.6013449554916175 1.6013449554916175 -10000000000.0
98923733955.06357 1.6018903682256957 1.601890368225567 -10000000000.0
110508756788.90744 1.6024196597073415 1.6024196597070022 1.4755296516746252
123450509182.93604 1.602948306905954 1.6029483069055717 1.4769995355765568
137907878618.50116 1.603433547074629 1.6034335470741938 1.4784644613843825
154058359993.25388 1.6038349049784986 1.6038349049779945 1.479924462434175
172100234747.77057 1.6042358923056128 1.6042358923050295 1.4813745865152037
192255005191.1153 1.6046365097396524 1.60463650973898 1.482793819594973
214770113911.85474 1.6049875798382003 1.6049875798374176 1.4842052705791393
239921981661.0667 1.6053071454144678 1.6053071454135501 1.4856121492234025
268019401003.80127 1.6056264760186894 1.6056264760176135 1.4870144850559635
299407327403.2704 1.605942561786919 1.6059425617856575 1.4884105568008956
334471114281.37756 1.606227058268554 1.6062270582670664 1.4897959069784852
373641244049.9423 1.6065034660151039 1.6065034660133466 1.4911767502203948
417398613196.06366 1.6067796979532292 1.606779697951153 1.4925532169701212
466280436307.2671 1.6070528261321047 1.6070528261296504 1.4939253348820491
520886841520.88336 1.6073145186640618 1.6073145186611586 1.4952826661630336
581888238370.796 1.6075754466384446 1.6075754466350207 1.4966166665691012
650033548487.5048 1.6078362179392078 1.60783621793517 1.497946581938156
726159400200.8372 1.6080955073103391 1.6080955073055758 1.499272437212612
811200399928.5519 1.6083528811757521 1.6083528811701306 1.500594257107138
906200606453.9562 1.6086101026054054 1.6086101025987745 1.501909245730216
1012326348963.6431 1.6088671717797858 1.6088671717719678 1.5032174926128878
1130880546213.9514 1.6091236228365204 1.6091236228273018 1.504521810431118
1263318702624.3206 1.6093797247632535 1.6093797247523831 1.505822222714615
1411266777683.5623 1.6096356757568806 1.6096356757440624 1.5071187527823524
1576541148053.9282 1.609891428234194 1.6098914282190862 1.508408581977549
1761170907450.1494 1.6101467088391324 1.610146708821329 1.5096930919815181
1967422778071.8123 1.610401780887844 1.610401780866864 1.510973813999435
2197828939429.8062 1.6106567032148418 1.6106567031901182 1.5122507703069668
2455218116224.7534 1.6109113448580965 1.6109113448289616 1.5135238274562395
2742750306947.069 1.6111654586237854 1.6111654585894835 1.5147874599149738
3063955579565.952 1.6114194197140357 1.611419419673661 1.516045811666523
3422777410606.7993 1.6116732323840857 1.6116732323365635 1.5173005279228813
3823621099696.172 1.6119265611363438 1.6119265610804043 1.5185516296301156
4271407853965.5703 1.61217943222502 1.6121794321591767 1.5197984020229829
4771635206314.883 1.6124321561650474 1.612432156087624 1.521035970032817
5330444509298.151 1.6126847260938693 1.6126847260028456 1.5222689526247508
5954696333261.914 1.612936414623449 1.6129364145164182 1.523498444628349
6652054694408.895 1.6131877542710538 1.6131877541451953 1.5247244657516252
7431081146864.805 1.613438948548045 1.613438948400096 1.5259452574863184
8301339893928.293 1.6136897961518195 1.6136897959781171 1.5271554115065655
9273515208967.863 1.6139395556598501 1.613939555455895 1.5283614529418494
10359542607556.451 1.6141890524387361 1.614189052199254 1.5295641544572132
11572755381259.852 1.6144384059733465 1.6144384056921481 1.530763534500224
12928048292092.426 1.6146870194940712 1.6146870191640623 1.5319560878209961
14442060437337.12 1.6149343200442285 1.6149343196574777 1.5331361348385109
16133379529783.623 1.6151814798638378 1.6151814794106047 1.5343127778471815
18022770101357.832 1.6154284991146886 1.615428498583545 1.5354862415644297
20133428431826.785 1.615673896666518 1.615673896043864 1.5366565431248698
22491267332370.297 1.6159182098171503 1.6159182090879924 1.5378169432644944
25125234280342.035 1.6161623856230602 1.6161623847707027 1.5389643706530687
28067666810999.05 1.6164062749549102 1.616406273958503 1.540108774468703
31354689529387.88 1.6166474335138918 1.6166474323484148 1.5412501706042931
35026657616551.223 1.6168879252954418 1.6168879239320535 1.5423885748277557
39128652275035.2 1.617128284008017 1.6171282824166169 1.5435123127583616
43711034196341.56 1.617367555657654 1.6173675538028545 1.544623830991238
48830061845313.836 1.6176034611589754 1.6176034589956323 1.5457325117036103
54548582152209.445 1.6178389766531602 1.6178389741298078 1.546838369346029
60936802092170.414 1.618074364558118 1.6180743616148447 1.5479414182589366
68073150624868.08 1.6183071244575995 1.618307121034418 1.5490234957931222
76045241576459.4 1.6185364195515777 1.618536415572808 1.5500953367910317
84950949285275.25 1.6187655937389296 1.6187655891143977 1.5511645389911184
94899610217075.95 1.6189946471619212 1.618994641786818 1.5522311153545518
106013365302251.77 1.6192182458830782 1.6192182396286516 1.553294593994041
118428659475004.27 1.619439451279372 1.6194394440338373 1.5543298620466677
132297916824536.06 1.6196605442139027 1.6196605358276916 1.5553577398794214
147791411924290.9 1.6198806564828487 1.6198806467744555 1.5563831906984777
165099360313770.7 1.6200931015232374 1.6200930902651318 1.5574062259381185
184434253798047.12 1.6203043197208733 1.6203043066733656 1.5584226380485553
206033469235707.84 1.6205154354437459 1.6205154204077514 1.5594073340906218
230162182843667.72 1.6207232495157413 1.6207232321880798 1.560385854778974
257116625798099.4 1.6209229533738987 1.6209229333696875 1.5613621756912428
287227721100920.9 1.6211222107722074 1.6211221876762592 1.562336306695718
320865146362067.25 1.6213213772190782 1.6213213506068775 1.5632981441528708
358441872376855.3 1.6215135110120658 1.6215134805032672 1.5642235989079292
400419233219075.2 1.6216991146777966 1.621699079669517 1.5651443893102046
447312590096004.94 1.6218846397237348 1.621884599552383 1.5660632315839673
499697658501144.8 1.6220700863154547 1.622070040219572 1.5669801339551792
558217576343952.44 1.6222438599169489 1.6222438070980953 1.5678748166298313
623590799832817.8 1.6224145025920496 1.6224144425185802 1.5687260407101178
696619924050061.2 1.6225850792347405 1.6225850109222992 1.5695746594202318
778201536510186.8 1.622753373636131 1.6227532959154172 1.5704216231484736
869337224674746.5 1.6229096172504636 1.622909528586719 1.5712669383373938
971145872564466.6 1.6230645724594313 1.6230644720732523 1.572071594956482
1084877397435564.1 1.6232194729344678 1.6232193603002252 1.572828614294435
1211928095167226.2 1.623368896689474 1.6233687701563024 1.573584316366683
1353857782757329.8 1.62350817899727 1.6235080365290266 1.5743387057495293
1512408948387062.8 1.6236472651577094 1.6236471047423213 1.5750917869954717
1689528144161985.2 1.623786307102085 1.623786128437949 1.5757893662569566
1887389884171007.2 1.6239156851428578 1.6239154870880819 1.5764509366171884
2108423341262494.5 1.6240388479539454 1.6240386281016244 1.5771115007253549
2355342170297305.0 1.6241619782581402 1.624161734209333 1.5777710616378375
2631177824022261.5 1.6242850763392278 1.6242848054309915 1.5784296223971133
2939316770587382.0 1.6243941731172247 1.6243938746218574 1.5790347562834597
3283542069630602.5 1.6245013662696766 1.6245010383283685 1.5796223609168953
3668079817365006.5 1.624608535890297 1.6246081755983774 1.5802091715896958
4097651030880231.0 1.6247124542721412 1.6247120581471735 1.580795190444536
4577529608648387.0 1.6248044976765301 1.624804061022324 1.5813800324733007
5113607078822283.0 1.624895737088358 1.6248952611798448 1.5819075139334255
5712464930249223.0 1.6249869602587692 1.6249864421897071 1.5824282100096292
6381455414216716.0 1.625071355460851 1.625070790621238 1.5829482825463388
7128791808943154.0 1.6251465855979055 1.62514596849784 1.5834677330351592
7963649255001965.0 1.6252218067836677 1.6252211333631437 1.5839809523025288
8896277399647486.0 1.6252970144880068 1.6252962852216526 1.584455957054919
9938126232991588.0 1.6253610664996871 1.6253602752056127 1.584927559565553
1.1101986660936268e+16 1.6254203211124345 1.6254194615930866 1.58539865051616
1.240214754069447e+16 1.6254795735420036 1.6254786399156385 1.5858692310153437
1.3854571106841978e+16 1.6255381353857155 1.6255371226453452 1.5863319172921493
1.5477088941629552e+16 1.6255824663427592 1.625581369188653 1.5867720983899547
1.7289620895504774e+16 1.6256256609588795 1.6256244722984596 1.5872108204770505
1.93144196455591e+16 1.6256688589283 1.6256675711307687 1.5876490998165387
2.1576343894373636e+16 1.6257077178695347 1.6257063212884069 1.5880869373011384
2.410316356335967e+16 1.6257352927782462 1.6257337772311071 1.5885151637519068
2.6925900727488844e+16 1.6257624518599447 1.6257608122528033 1.5889275660230764
3.007921047711357e+16 1.6257896193268946 1.6257878455916621 1.5893393357912817
3.3601806382759788e+16 1.625808471216455 1.6258065487489812 1.5897507155159714
3.7536935786381864e+16 1.6258195604916164 1.6258174731701447 1.5901617059353734
