test_SED.txt
# %ECSV 0.9
# ---
# datatype:
# - {name: nu, unit: Hz, datatype: float64}
# - {name: Sum, unit: erg / s, datatype: float64}
# - {name: Sync, unit: erg / s, datatype: float64}
# - {name: SSC, unit: erg / s, datatype: float64}
# meta: {redshift: 0.1, restframe: src, src_name: jet_leptonic}
# schema: astropy-2.0
nu Sum Sync SSC
[from data line 221]
4.6843701210277464e+16 1.6258417662834554 1.6258393211881144 1.590951900665186
5.232959753106658e+16 1.6258401152318618 1.6258374639087394 1.5913414943382984
5.8457950738585304e+16 1.625835079911527 1.6258322027782743 1.5917307388308248
6.530399937676039e+16 1.6258300637525736 1.625826941584074 1.592119634768124
7.295179322433928e+16 1.6258234412300356 1.6258200585211195 1.5924988034241725
8.149522518433558e+16 1.6258029262922582 1.6257992533968495 1.592872818638685
9.103918401871008e+16 1.6257818205471535 1.625777832047562 1.5932465120277368
1.0170084208056938e+17 1.6257607408512293 1.6257564096416255 1.5936198841446885
1.1361109385351304e+17 1.6257340742270838 1.625729364873334 1.5939929355414741
1.269161629592623e+17 1.6256969341238008 1.6256918108823084 1.594356864710753
1.417793973629975e+17 1.6256596601410356 1.6256540888273396 1.5947184335384526
1.5838327481636106e+17 1.6256224220424305 1.625616363495615 1.5950797015949456
1.769316431591891e+17 1.6255753645786744 1.6255687614708172 1.59544066938021
1.9765222298445034e+17 1.6255219814861435 1.625514774563987 1.5958013373929771
2.2079940339188346e+17 1.6254686278332569 1.6254607809452402 1.596150141242933
2.466573651541835e+17 1.6254153234254334 1.625406780612907 1.5964981945342533
2.755435696391953e+17 1.6253477099150162 1.625338379207316 1.5968459691112504
3.0781265632206214e+17 1.6252782016380107 1.625268005979152 1.597193465419945
3.43860796737556e+17 1.6252087597389862 1.6251976213458377 1.5975397020742286
3.841305583265975e+17 1.6251366770439943 1.625124518391643 1.5978790155819498
4.291163378910093e+17 1.625051236822885 1.6250379244947115 1.5982179446769014
4.793704313636723e+17 1.6249656849724625 1.6249511090373625 1.5985566094734023
5.355098144134535e+17 1.6248802354908798 1.6248642762221357 1.5988950103833333
5.982237171311295e+17 1.6247879302367267 1.6247704302647832 1.5992328081058447
6.682820857917684e+17 1.6246864114618789 1.624667185576699 1.5995694153441424
7.465450355795617e+17 1.6245850153654797 1.624563893677819 1.5999057555364955
8.339734103274296e+17 1.6244837811495174 1.6244605772063159 1.6002418354511028
9.316405789145997e+17 1.6243712575931573 1.6243457004700552 1.600577655490486
1.0407456131479858e+18 1.6242539611908262 1.6242257993047307 1.6009102027419722
1.162628008913786e+18 1.624136868270224 1.6241058650276345 1.6012381993627975
1.298784131332816e+18 1.6240199821366983 1.6239858514381569 1.6015659471930603
1.4508855858185423e+18 1.6238876187874776 1.623849912277002 1.6018934478692708
1.6207997405818214e+18 1.6237550591107544 1.6237133989963428 1.6022206952704705
1.8106126525394048e+18 1.623622822352124 1.6235768427915007 1.6025429063517143
2.0226546780905556e+18 1.6234869524257962 1.623436202217027 1.6028611337014183
2.2595290831883617e+18 1.6233391024170032 1.6232829319261248 1.6031791280421734
2.5241440039551145e+18 1.623191773194047 1.623129607524298 1.6034968897149524
2.819748150226167e+18 1.623045024027569 1.6229762289733265 1.6038143684117736
3.149970690358921e+18 1.6228904189397366 1.6228142339210154 1.6041262733877495
3.518865806978006e+18 1.622728608274402 1.6226441360267436 1.6044357086984982
3.9309624706723753e+18 1.6225676230581714 1.622473971484997 1.6047449236932032
4.391320042722859e+18 1.6224073433733641 1.622303521175769 1.6050539186853687
4.905590389500996e+18 1.6222357012473456 1.6221202977901363 1.605362527145378
5.48008727112566e+18 1.6220614063241223 1.6219332475501198 1.6056633087210468
6.121863856270379e+18 1.6218883757553333 1.6217461167130198 1.605962453289811
6.838799314780217e+18 1.621715803102249 1.6215578830099304 1.606261391947878
7.639695551206058e+18 1.6215296946426734 1.6213538160921408 1.6065601249785229
8.534385266866664e+18 1.6213454731935888 1.6211496532420149 1.606858299090417
9.533852677128186e+18 1.6211629320588872 1.620945394369314 1.6071468137809133
1.0650368365963805e+19 1.620977344877019 1.6207354603720028 1.6074349150301543
1.1897639933417806e+19 1.6207837988974634 1.620514273210683 1.6077228252861617
1.3290980285492509e+19 1.6205931951804593 1.6202929733408369 1.6080105448020008
1.48474956325733e+19 1.6204056525136954 1.6200714680053716 1.6082965235706406
1.6586295504471595e+19 1.6202118120764573 1.6198397814416308 1.6085743824472203
1.852872736046547e+19 1.6200157773035042 1.6196012132535986 1.6088520636650983
2.0698638674676072e+19 1.6198242309023434 1.6193625139424095 1.6091295674513137
2.3122669714431836e+19 1.6196370873161745 1.6191230842323496 1.609406894032471
2.5830580606097097e+19 1.6194430432231324 1.6188699140857212 1.6096810920751812
2.8855616703794364e+19 1.619252065461541 1.6186139527598062 1.609948664554553
3.2234916746693526e+19 1.6190677455512035 1.6183578404882972 1.6102160722817722
3.6009968815867576e+19 1.6188885222454672 1.618099004769526 1.610483315459599
4.022711968855218e+19 1.6187053672711627 1.6178255868806581 1.6107503942904202
4.493814384321422e+19 1.618530461360916 1.6175519967482044 1.6110129652966914
5.020087910117229e+19 1.6183641467668934 1.6172782341550132 1.6112703637849326
5.607993670862496e+19 1.6182024612174069 1.6169970776773002 1.6115276098081022
6.264749457684127e+19 1.6180446092781944 1.6167059224638796 1.6117847035467123
6.998418341923245e+19 1.617899041003078 1.6164145719262382 1.6120416105647037
7.818007666450753e+19 1.6177651872496552 1.6161227139847294 1.6122947484484715
8.733579629920485e+19 1.6176365868359381 1.6158194071236938 1.6125453916108237
9.756374821616135e+19 1.617519079157654 1.6155103995689224 1.6127958902036181
1.0898950223544556e+20 1.6174170810370725 1.615201171993716 1.6130462443935325
1.2175333374043534e+20 1.6173303929587524 1.6148905998076615 1.613296293743717
1.3601194585590838e+20 1.6172505591904802 1.614565350251911 1.6135424875315918
1.5194039331152167e+20 1.6171866342344587 1.6142381998524644 1.6137871410850428
1.6973423161019246e+20 1.6171403406490312 1.6139108028275666 1.614031656894024
1.8961191788699822e+20 1.617109843331484 1.6135790139552457 1.6142760351135537
2.1181749293421144e+20 1.6170913321574736 1.613233965545221 1.6145197958115038
2.3662357732003745e+20 1.617087444257838 1.6128886427750928 1.614757150198128
2.6433471838476504e+20 1.617100430984177 1.6125430452082072 1.6149932241263372
2.952911292058162e+20 1.6171274474699004 1.6121882356030308 1.6152291697991217
3.298728654354127e+20 1.6171687418031928 1.611824693111554 1.6154649873557645
3.6850449129044646e+20 1.6172260223412644 1.611460846048223 1.615699818367907
4.116602919794192e+20 1.6172931322068775 1.6110960289260587 1.6159267801640502
4.598700965601338e+20 1.6173716412684127 1.6107185915089173 1.6161533453339627
5.137257827160064e+20 1.6174633000819425 1.6103364640803999 1.6163797923697185
5.7388854331097665e+20 1.6175682150766437 1.6099540001291273 1.6166061213944471
6.410970039353898e+20 1.6176835909973528 1.6095694155736286 1.6168305390176394
7.161762911029616e+20 1.6178024469679324 1.6091695592830604 1.6170483200310688
8.0004816243016e+20 1.6179317377375833 1.6087685899115474 1.617265991890914
8.937423231675508e+20 1.6180706169686423 1.6083672499964707 1.617483554706538
9.984090680173933e+20 1.6182175602010873 1.6079596964513732 1.6177010085871384
1.1153334034428232e+21 1.6183685571782715 1.6075400063727536 1.6179152741525127
1.2459508238497693e+21 1.6185219834287035 1.6071199103249947 1.6181241010343685
1.3918649353278346e+21 1.6186818215558403 1.6066994075219423 1.618332827551816
1.5548671433189291e+21 1.6188466995128012 1.6062678727889164 1.6185414538012817
1.736958645921583e+21 1.6190164099671698 1.6058289607622593 1.6187499798790521
1.9403750028454498e+21 1.6191868441066148 1.6053896047081495 1.6189542107749066
2.167613581651976e+21 1.6193575732532794 1.6049486288879786 1.6191544167289786
2.4214642182423456e+21 1.6195313781547545 1.604493860182175 1.6193545304323833
2.7050434680148564e+21 1.6197083293729262 1.6040352428745073 1.6195545519700965
3.0218328681978963e+21 1.6198881048808407 1.6035761407524851 1.619754431273857
3.3757216811094036e+21 1.6200653857872402 1.603113862708631 1.6199491556051553
3.7710546431073567e+21 1.6202419325754696 1.6026358388156305 1.6201411610868612
4.212685305450888e+21 1.6204204306232461 1.6021572881863546 1.620333081718735
4.706035621944384e+21 1.6206006167488134 1.6016782096586972 1.6205249175757357
5.257162514929155e+21 1.6207817824891781 1.6011907783935553 1.6207162912318938
5.872832236862123e+21 1.6209587541256063 1.6006921005590382 1.6209021638697279
6.560603440426732e+21 1.6211351091491886 1.6001928494603088 1.6210861971457977
7.328919977039279e+21 1.6213124212800285 1.5996928057165716 1.6212701524703785
8.187214563048134e+21 1.6214904551267377 1.5991791165148401 1.6214540299094786
9.146024586349253e+21 1.621668590054238 1.5986586739138253 1.621637240812742
1.0217121475189707e+22 1.6218428109876082 1.5981376068850925 1.6218158048563516
1.1413655217436052e+22 1.6220167699100125 1.5976137525236396 1.621993512594917
1.2750315804587744e+22 1.6221911060465417 1.5970727232770212 1.6221711476474934
1.4243513582604926e+22 1.622365826103734 1.596528158853948 1.6223487100735166
1.5911580723738055e+22 1.622540119813336 1.5959829107409467 1.6225254396389452
1.7774996292855149e+22 1.622710679735352 1.5954305732389389 1.622698094055734
1.985663767143221e+22 1.6228812450040841 1.5948572804383165 1.6228705008475264
2.218206142597219e+22 1.623052011031236 1.5942832298589842 1.6230428392242033
2.477981706910571e+22 1.6232229386011283 1.593708419495026 1.623215109240041
2.7681797565459395e+22 1.6233919715437535 1.5931137247004237 1.623385311399062
3.092363088549314e+22 1.623555634204248 1.592500041886544 1.6235499834563258
3.454511741446424e+22 1.6237193873492988 1.5918854906766928 1.6237145930983163
3.85907185866376e+22 1.6238832061538866 1.5912678957265598 1.6238791403723303
4.311010274376761e+22 1.6240470431967935 1.5906066025296304 1.6240436253256099
4.8158754919419935e+22 1.6242067829839837 1.5899292346569087 1.6242039163996087
5.379865803553549e+22 1.624360809198711 1.5892508086448436 1.6243584018336517
6.0099053874363515e+22 1.6245148482677008 1.5885566382976692 1.624512832334316
6.713729316831457e+22 1.6246688684260362 1.587781344105707 1.6246672079406554
7.499978524438943e+22 1.624822893866715 1.5869959674751941 1.6248215286916816
8.378305888208182e+22 1.6249704678032406 1.5862091679988564 1.6249693438221449
9.359494740904622e+22 1.6251131294202523 1.5853610809640335 1.6251122137954228
1.0455591258408421e+23 1.6252557641379084 1.5843900374910698 1.625255036784183
1.1680052352093255e+23 1.6253983906117262 1.5834168179857535 1.6253978128193183
1.3047910880977271e+23 1.6255409633966031 1.582441412673541 1.625540504410129
1.4575960211977464e+23 1.6256742091340075 1.581276573997346 1.625673857002827
1.6282960394134544e+23 1.6258037313521494 1.579985219793619 1.6258034678623625
1.8189868478036042e+23 1.625933237213766 1.5786900143546263 1.6259330400523693
2.0320095808095997e+23 1.6260627201772493 1.5773557740962263 1.626062573595914
2.2699795446502424e+23 1.626191208299321 1.575636803557215 1.6261911071822328
2.5358183257568716e+23 1.6263087742546347 1.5738114709468727 1.6263087058045578
2.8327896594483305e+23 1.626423428306471 1.5719784341012337 1.6264233819371192
3.164539499209657e+23 1.6265380583592772 1.5699790060409662 1.6265380277972632
3.535140778510303e+23 1.626652661123342 1.5673320098703596 1.626652643400968
3.949143414707767e+23 1.6267648611198584 1.5646329783907054 1.6267648509181682
4.4116301689410276e+23 1.6268635769621704 1.5619170681541923 1.626863571071612
4.928279047812449e+23 1.6269602423807543 1.558627866783987 1.626960239290422
5.505433012971049e+23 1.6270568873825533 1.5545426418943522 1.627056885996951
6.15017785443081e+23 1.6271535118220277 1.5504186238185305 1.6271535112007711
6.870429183683552e+23 1.6272457735750578 1.5462550687294012 1.6272457732962888
7.675029614632108e+23 1.6273221193298226 1.5405984950683278 1.627322119231519
8.573857325445448e+23 1.6273976779813515 1.5342164714484265 1.6273976779512462
9.577947334163895e+23 1.6274732235367446 1.5277392625173831 1.6274732235275249
1.0699626976968753e+24 1.6275487559676334 1.5208109417116547 1.6275487559649273
1.1952667252400603e+24 1.6276162874184015 1.5112701916548332 1.627616287417879
1.335245188959692e+24 1.6276668424034804 1.5010313135497895 1.6276668424033898
1.4916166216221953e+24 1.627717391504639 1.4905452043808847 1.6277173915046232
1.6663008144841756e+24 1.627767934722952 1.4784681153087351 1.6277679347229494
1.8614423868051468e+24 1.6278184720597373 1.4619085281142365 1.627818472059737
2.0794371156011458e+24 1.627854099804964 1.4446420613482969 1.627854099804964
2.3229613488930667e+24 1.627872945732881 1.426660598332605 1.627872945732881
2.595004863559492e+24 1.6278917908430268 1.4029233092008975 1.6278917908430268
2.898907571194144e+24 1.6279106351354724 1.3727215365745522 1.6279106351354724
3.238400522610044e+24 1.6279294786102882 1.3402614411523954 1.6279294786102882
3.6176517144080614e+24 1.627925464102202 1.3050507129425537 1.627925464102202
4.041317259982274e+24 1.6279074819550527 1.2504933048725473 1.6279074819550527
4.514598553195162e+24 1.6278894990633141 1.182539362848876 1.6278894990633141
5.043306126528017e+24 1.6278715154269245 1.1019441680106934 1.6278715154269245
5.633930987700666e+24 1.6278535310458226 -10000000000.0 1.6278535310458226
6.293724310569564e+24 1.6277993744743775 -10000000000.0 1.6277993744743775
7.030786458678377e+24 1.6277344675663044 -10000000000.0 1.6277344675663044
7.85416643441476e+24 1.627669550956205 -10000000000.0 1.627669550956205
8.77397297472221e+24 1.6276046246411784 -10000000000.0 1.6276046246411784
9.801498657303655e+24 1.6275362287152622 -10000000000.0 1.6275362287152622
1.0949358540982625e+25 1.627432829752704 -10000000000.0 1.627432829752704
1.2231645042327727e+25 1.6273223655699416 -10000000000.0 1.6273223655699416
1.3664100949978807e+25 1.6272118732831145 -10000000000.0 1.6272118732831145
1.526431270079438e+25 1.6271013528779183 -10000000000.0 1.6271013528779183
1.7051926290693424e+25 1.6269807697361107 -10000000000.0 1.6269807697361107
1.904888847095696e+25 1.6268141442533406 -10000000000.0 1.6268141442533406
2.1279716191184534e+25 1.6266418336123742 -10000000000.0 1.6266418336123742
2.3771797596892143e+25 1.6264694545783167 -10000000000.0 1.6264694545783167
2.6555728277133147e+25 1.626297007096853 -10000000000.0 1.626297007096853
2.96656868902975e+25 1.626108379588064 -10000000000.0 1.626108379588064
3.3139854779692875e+25 1.625874697685703 -10000000000.0 1.625874697685703
3.702088473057804e+25 1.6256387952410751 -10000000000.0 1.6256387952410751
4.135642462364006e+25 1.625402764588027 -10000000000.0 1.625402764588027
4.6199702413868185e+25 1.625166605587125 -10000000000.0 1.625166605587125
5.16101796166859e+25 1.6249055765245821 -10000000000.0 1.6249055765245821
5.765428132426668e+25 1.6246026479740887 -10000000000.0 1.6246026479740887
6.440621171453956e+25 1.624299507977751 -10000000000.0 1.624299507977751
7.194886506498057e+25 1.623996156240182 -10000000000.0 1.623996156240182
8.037484345582475e+25 1.6236925924653751 -10000000000.0 1.6236925924653751
8.978759365715962e+25 1.6233452010763476 -10000000000.0 1.6233452010763476
1.0030267715761219e+26 1.6229576559002008 -10000000000.0 1.6229576559002008
1.1204918892691529e+26 1.6225697645869892 -10000000000.0 1.6225697645869892
1.2517134233068506e+26 1.6221815265178532 -10000000000.0 1.6221815265178532
1.3983023965559333e+26 1.6217929410722725 -10000000000.0 1.6217929410722725
1.56205849981905e+26 1.6213628897504742 -10000000000.0 1.6213628897504742
1.744992186859445e+26 1.6209124066474547 -10000000000.0 1.6209124066474547
1.9493493569883867e+26 1.620461455784031 -10000000000.0 1.620461455784031
2.1776389282464706e+26 1.6200100361877923 -10000000000.0 1.6200100361877923
2.432663639698038e+26 1.619558146883293 -10000000000.0 1.619558146883293
2.7175544610025026e+26 1.6190299378793636 -10000000000.0 1.6190299378793636
